0 0.475000 0.208750 0.055000 0.077500
0 0.107500 0.542500 0.052500 0.070000
0 0.480000 0.768750 0.037500 0.072500
0 0.578125 0.768750 0.051250 0.072500
0 0.628125 0.650000 0.028750 0.060000
0 0.599375 0.653750 0.021250 0.057500
0 0.666875 0.642500 0.021250 0.035000
0 0.832500 0.560000 0.042500 0.070000
0 0.982500 0.586250 0.035000 0.072500
0 0.401250 0.770000 0.042500 0.055000
0 0.355625 0.871250 0.038750 0.087500
1 0.145625 0.107500 0.073750 0.185000
1 0.471875 0.337500 0.086250 0.175000
1 0.510625 0.881250 0.088750 0.177500
1 0.591250 0.916250 0.097500 0.167500
1 0.620000 0.747500 0.080000 0.145000
1 0.834375 0.692500 0.068750 0.160000
1 0.024375 0.855000 0.046250 0.180000
1 0.655000 0.720000 0.027500 0.095000
