1 0.487891 0.562500 0.060156 0.094444
1 0.491016 0.469444 0.041406 0.061111
1 0.562891 0.347222 0.016406 0.030556
1 0.541797 0.317361 0.016406 0.018056
1 0.578516 0.252083 0.019531 0.029167
1 0.476172 0.327083 0.013281 0.034722
1 0.488281 0.342361 0.012500 0.026389
1 0.463672 0.263194 0.011719 0.018056
1 0.409375 0.362500 0.023438 0.027778
1 0.437891 0.330556 0.014844 0.022222
1 0.205859 0.270139 0.019531 0.031944
1 0.173047 0.333333 0.017969 0.027778
1 0.308594 0.347222 0.009375 0.019444
1 0.296094 0.331944 0.014063 0.019444
1 0.317578 0.315972 0.008594 0.023611
1 0.338672 0.323611 0.010156 0.013889
1 0.375391 0.316667 0.011719 0.016667
1 0.349219 0.322222 0.014063 0.011111
0 0.409766 0.420139 0.041406 0.087500
0 0.588281 0.307639 0.021875 0.070833
0 0.814844 0.302083 0.020313 0.059722
1 0.811328 0.255556 0.016406 0.022222
0 0.474219 0.375694 0.028125 0.059722
0 0.466406 0.290278 0.025000 0.038889
0 0.437891 0.367361 0.021094 0.051389
0 0.350781 0.352778 0.020313 0.041667
0 0.367578 0.354167 0.021094 0.044444
0 0.382422 0.341667 0.022656 0.041667
0 0.200391 0.313194 0.027344 0.051389
0 0.309375 0.384028 0.020313 0.048611
